[1]
[65413 5 47873 41800 38865 64678 51440 19729 41850]
[45648 31506 20745 6467 13673 6352 60196 19614 22823]
[25177 25769 14510 18349 2149 34042 63932 64802 45157]
[61044 44008 65109 30715 29902 24481 10408 32964 23564]
[58270 43658 11621 48199 48862 13087 21168 20019 61219]
[51799 9131 26116 39865 8568 33093 27799 18124 28989]
[19872 11791 16046 9679 53614 37945 34298 31551 52895]
[35883 26805 29988 16997 59929 7631 29201 61037 3427]
[18441 63515 31486 5327 13895 65470 4550 14766 58928]
[32667 56975 57927 17366 42674 25053 2312 11907 62917]
[54284 1242 62085 57165 64644 62316 34711 44764 52008]
[46405 10522 19215 33976 54999 28414 27257 34512 19726]
[32124 23628 9756 7322 62927 53264 58752 17076 50709]
[51370 38939 9310 48859 26439 56685 27898 10722 6993]
[44230 63437 33646 10745 22770 40874 44383 17792 29791]
[37539 18106 55388 49020 42726 42388 41460 62922 55027]
[1970 6821 31831 25832 64565 36237 36412 17491 1277]
[21216 3760 43348 16897 2193 37532 39209 38112 6569]
[46819 2752 61911 29932 55383 35577 65070 40128 973]
[335 33490 52222 13861 49215 32778 54850 41849 49341]
[63039 20117 57433 1594 22447 50469 28266 61112 5204]
[21436 63141 23643 8359 39643 57632 38237 29689 59357]
[60207 7711 42355 61765 57220 40850 62531 20001 49389]
[55036 26367 19866 10256 34772 15947 48802 32090 7814]
[10977 56945 24981 25312 42337 31559 59946 5663 11562]
[47813 17596 11092 64898 1347 52131 41877 60370 1175]
[53566 5523 57167 48026 13499 13843 60194 6121 26398]
[559 30478 57854 45484 19688 32007 19322 26373 56602]
[16588 30193 25779 37190 53313 38558 25368 20759 47851]
[25597 8269 36197 27370 30820 26940 5082 34036 3766]
[61592 59998 26115 61499 64838 45372 53691 8382 1099]
[49052 50110 65282 16238 20983 7931 59733 62869 6561]
[57543 28258 51789 63528 20735 40395 61783 37142 36132]
[48747 10491 28475 8156 12342 38261 57994 30308 16416]
[33146 11172 41456 691 65319 37678 13432 31357 8845]
[57713 8476 54698 62119 30223 31452 24745 39573 57443]
[20933 45424 55043 56681 22106 8994 9560 21659 62812]
[14257 18221 45083 50174 19370 15126 26708 11166 63654]
[43583 28092 33030 49850 4668 59308 53330 42631 43816]
[64065 27822 13371 9685 5823 24186 59828 58175 39192]
[55107 37049 51580 21881 55020 53383 37247 9124 2910]
[47508 33147 57628 20490 50632 51407 40205 16299 55042]
[27189 63750 24589 58432 52498 7134 9796 60725 9556]
[17736 7418 64596 11637 37381 2933 15486 43367 31112]
[33585 35584 15782 8356 33080 25405 26425 61989 29639]
[31183 16807 13773 12913 55444 27273 29328 50995 62008]
[27352 23929 53257 9929 13668 28904 43374 22849 23922]
[27727 36590 8649 4432 45906 35464 55152 53311 25046]
[61696 34732 55881 23154 11457 5301 15724 21845 60476]
[31032 18095 8807 39432 63770 3579 24302 9335 50342]
[10577 1920 63303 32574 49960 25209 53607 29066 53858]
[59169 49566 53290 36311 60914 14833 45414 58935 9414]
[26155 33297 50652 30122 63518 2236 20373 12038 60271]
[49760 15718 23708 30002 3255 62976 63744 55643 53569]
[5906 63607 54054 9184 45975 59374 7337 24589 41174]
[10034 48062 24037 19570 56283 28290 55697 57513 34678]
[62444 14779 53826 56432 39357 36511 40232 29267 53322]
[2151 13257 776 5919 49280 54561 7781 21544 63635]
[2291 38105 12225 3582 52795 64798 55084 20770 7171]
[55129 28311 28398 29936 49763 33664 53597 10858 26257]
[41856 22250 17522 43217 35594 25332 16968 46545 43733]
[56418 37888 5560 53548 4589 59650 9672 2653 22091]
[21027 36451 43673 43938 963 3137 47265 48749 36172]
[18576 19988 47314 2508 40769 39508 21792 30607 43624]
[25493 10327 18154 47507 30432 27055 60988 60879 12841]
[18161 52652 35550 17479 42171 21368 36995 33915 50825]
[54656 31346 33637 51647 19228 32542 900 51581 15488]
[59000 46388 62093 36684 21414 29998 13489 19776 57846]
[8500 9222 15594 34141 21602 35990 8287 55281 49654]
[48473 54952 19642 28848 15350 53146 22816 43268 9644]
[20331 35288 50688 12853 10866 57439 13135 30720 35315]
[8793 35416 32503 32453 32791 26533 5204 63632 63699]
[58361 34357 6158 38044 55248 18258 41033 54764 60577]
[11435 36290 50258 45958 63541 45623 42373 62419 36133]
[3841 37655 6457 54675 51017 9193 6716 1306 14743]
[6958 16805 62468 58494 15660 35430 50821 25413 43381]
[55799 5528 19832 4166 61423 60707 14000 64810 48922]
[9446 28674 32991 46587 64123 8995 41328 59317 33243]
[37491 4677 31672 45128 41746 27558 937 48240 17973]
[38558 62507 43931 42782 53355 56595 56098 6548 45157]
[44744 11429 9855 63238 22187 23990 59236 5023 10227]
[28247 3003 51445 9825 49360 3492 38254 18003 63060]
[16057 14253 61383 24292 64445 33557 31786 18002 7225]
[57026 59072 10900 50495 53969 61376 50621 13629 5718]
[28629 36950 29734 22577 8377 28986 20333 64687 40645]
[29208 3400 24108 44523 42529 54237 61254 20476 51649]
[8773 10514 22861 61845 43741 60587 48839 23562 37932]
[39768 10415 30817 55832 44391 2851 62231 676 29805]
[37172 52035 63277 18527 37880 29726 60817 27348 48312]
[55136 61972 13487 60219 16908 12374 11350 42570 58855]
[51186 61296 51883 48097 37389 59329 28631 1062 2754]
[7360 10830 44591 20817 4986 64211 34657 31289 47110]
[53633 4895 1849 38045 22438 42240 56920 25906 8919]
[45040 22909 41334 49830 18605 47344 13709 60667 43055]
[30852 5164 18115 31966 38779 41627 29140 20500 5394]
[43477 24054 62081 61037 16323 11683 21364 64184 44936]
[46987 55705 19145 17481 34181 14099 26655 9408 55712]
[64301 10319 58216 15565 12216 61105 40618 64550 45638]
[56301 25662 4471 54218 9191 41177 59547 44860 15201]
[54462 18381 35388 63042 43244 3858 57140 2979 28691]
[17861 64017 52729 6424 21813 41202 45433 51593 24338]
[16248 12489 10882 37755 15109 30579 15110 41727 31028]
[38642 2261 31820 45442 48853 22945 35779 1296 175]
[11465 63046 16837 17332 4908 59772 132 52611 15731]
[27529 34211 27573 38032 15189 18688 14816 41847 56752]
[41077 13019 60541 43903 13909 43505 42492 34311 33648]
[52924 30323 56195 59607 61347 39190 46910 10234 47220]
[15193 10445 53601 2442 10022 2764 24235 10905 19759]
[58625 29659 26444 17678 40118 40892 6947 16843 12890]
[6267 21001 47149 21341 52856 45444 45685 24752 61231]
[28677 11303 52604 22739 51000 31575 32053 37346 17199]
[34018 11179 26498 45319 54521 60509 31831 50912 59213]
[34937 15385 49034 61161 48910 60017 63295 33559 30883]
[15732 30348 49981 6576 1634 25980 24409 48366 29994]
[55546 17714 35667 6263 36755 20956 48147 10850 27363]
[49989 55488 11613 15364 36828 13800 28151 45373 58050]
[40538 44614 13912 16153 5474 56702 22510 34182 41575]
[41473 12603 23838 29775 19962 24515 48531 39812 9229]
[26052 20989 38447 22581 21945 64390 20295 49334 5399]
[60963 4282 22711 5385 113 49119 16363 18665 42379]
[30229 42455 36782 40808 53681 6371 25719 41931 46938]
[58164 20417 24835 50549 39013 43940 51043 47003 11900]
[39640 30500 58527 16583 60419 20638 5707 6208 17353]
[59446 51881 25285 52271 57123 29160 273 17063 8917]
[18753 32757 25987 11160 9357 24215 45931 39730 9666]
[65267 55354 58241 39048 43263 20103 18550 8801 30417]
[54286 51952 7795 62183 27275 17618 4279 47180 31388]
[38093 56670 56903 29869 34527 44773 32879 16325 34279]
[8707 36323 40087 36331 34280 61584 11975 60386 64269]
[22911 53412 56224 23516 22174 50631 14721 18461 54251]
[35886 47207 51651 59261 60093 24184 33216 55381 62331]
[54607 52948 58148 18007 26612 43377 11710 15922 44982]
[62774 29092 16489 51138 8385 22130 61280 40162 53309]
[30909 50852 39866 17766 16145 59076 23487 5692 13603]
[11090 32626 41072 51580 35261 27608 42123 15139 27162]
[4399 6991 40509 16432 24421 62351 17341 64112 46937]
[20426 13022 12656 62214 10561 46545 19383 4314 60482]
[50909 38299 21278 14570 411 63851 39604 35875 45419]
[18142 22266 49354 62270 50811 4501 49608 20391 37521]
[13024 54328 33954 48653 12200 33520 9381 35632 5159]
[12222 60242 65092 43480 7215 22552 55554 45002 25683]
[46055 12694 63521 16551 9790 42960 17668 23029 49323]
[39301 37118 12032 63161 37639 9120 35494 59402 64447]
[45065 7382 11188 8760 2878 986 37538 18630 49551]
[27960 47171 27102 51803 10135 16966 62228 45407 1497]
[21781 62982 64660 40194 42033 6555 40119 32157 43255]
[50371 14847 31779 5822 18992 39465 4470 23235 2862]
[34437 34583 56977 16840 61233 52566 45281 58006 57260]
[61809 59885 1205 1029 57202 47878 62475 22849 29421]
[32199 28522 51435 39325 43867 8890 23947 11734 12426]
[32763 58467 62753 42485 41821 41109 47288 21602 16149]
[43874 12964 19464 10081 35200 47407 24617 17302 60804]
[21670 27937 20283 64990 45130 10906 49333 34009 61823]
[5332 3533 38210 10807 20975 41070 41931 20408 44929]
[20361 63079 35912 16437 35280 52097 13237 3820 19986]
[39419 29828 38009 34049 9917 57834 1465 15377 29668]
[48879 59171 54998 42480 63700 46679 39996 7218 44826]
[11414 43173 727 34614 16139 17692 30072 59105 17430]
[7990 25188 61063 17654 19200 13193 60150 54371 895]
[43715 6718 6236 34487 30899 58850 10484 47921 4014]
[1761 16437 6370 8481 13258 14295 237 3116 52869]
[25297 2911 14511 29483 52832 45087 6588 51991 8119]
[55760 14697 35628 14431 29492 41046 19841 20885 15264]
[31760 26014 36595 40799 2162 21158 2689 16603 33893]
[3868 57935 19892 58437 3288 34538 56800 40675 33995]
[50916 18894 36775 20436 16236 19776 54306 8453 43574]
[34255 7107 55769 40074 50765 26209 29084 51067 45779]
[23460 11102 59609 37928 17092 9535 4149 65481 62006]
[55661 31773 57021 27614 43133 34265 11768 41034 4779]
[9627 27953 52450 35982 60638 46418 19464 53147 41902]
[10453 29491 49019 32815 8485 7456 58308 2766 25648]
[31628 26439 4754 54754 20993 36697 39558 50661 33842]
[16914 15287 12120 35970 16921 34277 30655 36435 38544]
[27677 36897 45968 53179 46326 30765 17263 51119 3542]
[20903 22006 64585 8025 5157 64734 30675 32738 25859]
[64380 16754 24064 6928 39361 12014 63084 25066 15268]
[37896 13787 26158 38151 1123 47581 5570 57344 21346]
[45649 39991 4335 20757 59121 22294 39171 16688 22460]
[51355 43750 15794 490 62785 8845 6307 16571 29308]
[6035 3709 56663 36013 56351 42425 25507 7524 33872]
[13264 34339 27982 33908 55194 53099 34663 63440 61964]
[19923 41971 61748 31228 22909 54240 20459 22746 65192]
[25472 41481 20546 22690 22321 3972 41412 10055 44073]
[44189 50876 44438 53680 58110 65381 43656 3639 41183]
[52472 56152 12060 20381 36965 42513 24713 45941 20094]
[59067 33182 21909 26849 30995 43964 63713 3179 35191]
[4735 14680 54839 8170 59847 6484 48646 2231 15083]
[62017 654 37109 21549 42375 18383 61021 9755 61835]
[15953 25754 63465 45403 48819 6370 17399 30243 24488]
[12464 25788 8037 20556 24426 56308 9639 36896 12489]
[8912 3447 58231 25354 59797 29289 28074 33217 20279]
[59122 37350 58946 33935 33354 50441 13069 13530 5130]
[35375 22217 60354 47861 47521 35599 34314 42796 62138]
[41157 58995 14416 32650 720 674 25070 50736 28094]
[45272 10759 48789 32363 40228 48237 54945 2663 2557]
[42522 39350 15763 39053 60044 27840 1241 33654 45747]
[35501 61888 62096 37050 20172 14767 52614 9572 45102]
[18190 33822 28059 41724 52508 4205 17172 29766 51554]
[44101 64764 54249 28272 17652 55682 29597 49220 4196]
[10315 61253 54732 61553 55181 51613 8751 45866 20035]
[3897 60349 20097 32540 4774 39021 49534 20856 21535]
[4419 32381 29429 26892 7947 50959 55187 40046 12691]
[10817 8055 31538 15608 13442 6457 38928 50092 8955]
[44467 63790 49670 38391 44255 23052 28813 41012 3008]
[21948 56318 31432 53993 62073 53998 37557 13866 49351]
[4441 7303 56168 63071 22548 53381 42229 56186 14376]
[722 5509 25984 1827 24872 45661 41702 45157 13484]
[11444 50041 19852 42808 44814 20231 29615 36706 5769]
[37865 19069 7993 19903 51573 53110 43590 42243 15675]
[57095 26455 19721 16525 16135 59658 30763 7674 19692]
[59929 22407 4818 29374 29496 60093 63520 5973 3912]
[15104 32960 37780 11314 65297 47682 42633 34724 32877]
[2849 35353 9238 45390 10124 26350 10530 22598 4550]
[22250 38312 20099 30074 56344 40765 10586 18684 29377]
[33171 46460 61598 47601 48048 49588 56589 44881 43123]
[44782 46551 14220 65324 44733 19222 60429 41914 54620]
[47238 42620 49387 12823 27561 23704 22179 9778 89]
[63785 57976 30345 20587 15657 34226 6168 24170 62960]
[26120 38436 38676 35497 47154 44667 37046 58286 62032]
[54280 2562 33836 23414 38851 29031 27128 47692 8223]
[759 15675 24986 1413 31049 49879 14878 58991 22979]
[9921 1875 28169 49577 34062 53573 41271 30937 17112]
[1949 8826 61111 57270 190 27795 58211 18485 13141]
[18683 2044 63126 9898 21455 18666 49336 16948 12166]
[48372 53184 63334 43822 41056 45474 4333 13705 2819]
[26786 25903 41302 15042 21071 52904 17883 23682 20981]
[46070 9646 56541 64092 33155 12750 1410 24373 10675]
[20407 24802 45665 11488 45665 8132 32641 29265 22311]
[27312 40100 24708 40476 60482 53976 45626 23362 62625]
[61015 51388 37005 25510 39681 1091 12495 42136 27104]
[42914 4818 20397 6909 2937 1731 36826 55716 56983]
[39065 50023 45072 38358 46819 57757 26880 12043 3829]
[8308 21639 36921 7360 14531 45005 57174 17425 59240]
[25268 65364 48377 2751 3521 22391 138 4349 60997]
[51050 55714 52706 54655 48695 29187 2450 23327 17184]
[50465 64741 7555 37995 8337 63338 1445 39123 18638]
[34902 42266 62405 47196 62792 3207 51802 6121 5213]
[45133 9147 50882 61270 35533 59829 45925 25235 30241]
[31727 12098 509 43238 22898 8144 54726 31321 60894]
[65373 41133 21688 17674 53934 10915 41701 3243 57226]
[9895 3033 60952 50009 41665 53693 17500 7278 49577]
[24535 40441 59230 20507 35088 51652 53290 15693 7407]
[60304 54494 30453 162 10538 32767 41988 24080 51681]
[50672 65135 46673 44057 59850 36759 6627 46182 21086]
[56599 4875 17144 51676 44328 39525 42828 44170 32934]
[60942 37110 36918 50050 26857 51149 39228 22599 42411]
[39389 49238 53881 14584 11029 64924 62623 8495 2473]
[62846 8017 46830 60959 34522 9344 29538 10685 43539]
[46902 26555 1012 17898 20934 39957 25174 28839 36688]
[27272 55186 45606 11652 1340 10156 62229 2159 60534]
[10077 27481 27803 58868 63533 12875 11805 58278 14279]
[12089 24651 64798 22424 36631 63418 26616 46084 42861]
[27527 28595 7943 49116 20195 43149 2174 61324 50428]
[28121 47435 46171 16491 15409 28045 57309 49271 24605]
[31640 7369 505 5260 27142 41394 20253 63054 34616]
[61147 5885 54793 47842 21872 15575 41190 50155 10715]
[45745 17068 740 34186 7112 44413 62130 11355 59081]
[43103 60775 54522 61652 57078 45303 11312 9385 19709]
[31988 22654 814 51662 30278 63960 32996 2925 51054]
[32289 15118 28924 43251 17843 21944 5896 25415 41389]
[44144 56322 23894 12185 12034 31194 11277 20258 43862]
[47594 54360 46240 30436 12244 28757 8911 15843 63356]
[3509 29366 8880 45562 12244 51486 26084 42610 33877]
[11855 28371 5851 8348 65306 31645 39969 41335 25998]
[52581 27685 17507 38585 5466 47639 49377 64003 36147]
[38068 58278 25650 36922 25584 24216 29321 10796 52400]
[33648 32984 4878 31331 62901 43849 16418 57200 46386]
[38330 7313 38226 55282 28640 690 54338 27413 16285]
[22719 47953 49462 7003 45353 33796 29451 39234 2963]
[8920 58625 46726 28404 39543 33580 60721 25818 50329]
[545 58154 46298 64224 30460 957 21986 44044 21455]
[57865 16967 19023 55905 51044 20608 46459 25785 56760]
[17181 60561 39503 31011 31475 55455 49104 44013 32454]
[58067 18962 22138 9015 3957 20784 45818 8175 1729]
[56699 31878 6906 47504 63533 1317 46949 11520 11115]
[50075 63904 52821 27403 34128 58199 51701 56074 62783]
[38291 38863 34540 24908 16707 54809 47562 20177 44175]
[14719 57777 11289 38564 30353 60684 49770 23484 61414]
[58359 19623 27327 45717 1883 5624 38293 53670 1192]
[28604 5619 47615 48351 7516 49795 52275 49939 64999]
[62022 13587 14079 28176 52534 62451 22070 48077 6430]
[6404 12619 9957 53496 11594 42971 61316 8854 33616]
[23036 60980 61526 49935 34510 46604 54741 64527 33560]
[18376 4646 39334 19401 15725 34454 59129 41941 37657]
[21054 54467 56388 16981 5226 34924 50566 45717 38263]
[44455 1206 6639 22924 526 5419 16505 58364 7109]
[53129 60458 25978 49847 612 27723 20110 2600 40008]
[24781 24291 63416 31745 22222 8930 30974 5711 35059]
[49710 6361 12898 40120 11573 24116 45032 34708 42659]
[53884 18573 45533 21895 52903 43074 31742 46056 38891]
[46983 18939 4504 59271 48296 59475 63761 53543 8152]
[44234 12255 20781 48520 19405 20688 43134 41149 5154]
[33787 57946 41787 56415 61528 62223 10490 26664 54348]
[30941 10492 36468 64820 11700 53613 38790 54110 32125]
[38706 5534 44989 59510 25525 61024 12294 35136 39361]
[16551 41745 7687 13774 24651 30982 30455 54177 39297]
[22231 27543 37933 40026 19557 30283 42083 15026 47710]
[14356 8104 22220 17287 58637 47794 63040 23554 42429]
[43138 60854 16527 16286 39213 62719 3273 39062 3806]
[3130 4620 15207 64149 31204 23567 65356 27500 5750]
[44063 29547 19422 58190 19900 20789 64673 14554 45750]
[40599 36299 42369 49581 12634 45058 62422 11771 17207]
[11260 47242 23502 7466 7399 50319 19798 12446 47504]
[50484 37497 12136 60246 16973 18724 40802 35504 3219]
[6229 47680 47239 49080 60725 51806 24044 55648 56217]
[5885 16315 49817 61941 15620 54260 8557 4557 29563]
[53608 12311 1314 11993 58092 7042 28245 20112 37676]
[12849 10911 64787 64968 40633 51497 46605 41494 62941]
[7252 1664 64007 59875 47323 26441 2959 54651 10448]
[56687 8291 62102 27357 13366 62535 32172 2653 54237]
[9599 58832 24775 62218 33232 37745 36225 3970 36704]
[2347 1654 36059 61632 55591 48463 54547 57871 56581]
[29274 60908 31832 28238 4848 3167 41874 63766 4497]
[49474 15365 28974 11458 8022 59042 58008 59601 24222]
[43434 30340 53317 50650 17698 13937 21779 44165 57196]
[39560 33495 65189 17350 35611 8110 25571 33426 4691]
[16873 44352 64399 14754 28512 10848 51061 24038 63017]
[16162 59960 29841 14411 15170 25029 8947 19576 56738]
[20698 45885 43319 45440 34384 42104 31020 8496 37230]
[62879 22241 46555 43129 38758 15782 45674 33370 59613]
[27242 22482 4509 1621 7241 8610 58309 41164 45077]
[65529 46921 50633 54552 22847 26061 5756 1461 54581]
[9584 15510 11739 50790 26192 24903 49372 13677 60549]
[3178 1071 21367 37678 3376 59688 14029 33008 55777]
[35332 51768 52384 57782 60792 37101 13134 2348 60101]
[36133 29110 11721 6487 28290 25617 28605 58535 23874]
[47009 28540 42271 27394 60661 36575 25507 26229 949]
[14875 20916 18276 43156 29655 8335 61456 35034 46048]
[58637 36203 263 18401 43937 49484 11955 47651 45837]
[33478 46692 44002 53663 10354 1715 39835 38200 53130]
[41244 49597 43236 63423 28218 41179 58258 64677 38325]
[36057 49512 36270 18617 13452 4013 45255 55722 47060]
[8846 6975 25249 62055 4043 61661 61043 30044 34812]
[4348 42842 40319 63667 26793 37205 59842 21662 11550]
[58317 2051 20363 64770 8922 47315 32219 54171 44359]
[3006 57078 3501 28473 45235 1136 2459 29064 438]
[44223 41956 9075 2617 11960 32353 32619 36066 22393]
[16144 47900 62836 42053 5341 44639 11508 36544 50536]
[6799 57885 27084 25454 8476 36554 47020 28599 5193]
[2557 33677 51987 47399 11062 64075 54355 2273 3733]
[36431 18441 35013 40856 21902 16927 22366 36385 4373]
[37890 58780 33695 62846 10324 3970 60947 31194 4228]
[37905 42349 1837 50353 41906 48083 9439 33465 20787]
[13670 42274 38029 30689 9865 40926 55854 22511 18902]
[53583 49874 3622 56236 2157 32762 13795 26867 64857]
[4436 9532 14603 64548 23367 57462 39172 14216 45980]
[44733 65210 51951 60000 62137 12893 60513 48356 35586]
[51770 36005 6360 22638 10519 59354 3432 14153 62254]
[41249 64259 33179 2777 5039 14187 4292 5448 50027]
[32091 32179 62250 39164 57584 51971 33688 3914 17590]
[15565 43855 15013 25853 34633 65338 13503 11063 1306]
[54202 20356 64626 21812 33180 19855 60478 33464 49933]
[59583 63778 37504 61925 18095 12669 4962 36967 33275]
[60460 60575 50585 40983 9112 8269 36532 8802 36739]
[3710 18270 1040 38070 52270 43735 6476 17668 20623]
[49282 44669 18134 29171 55064 49148 12744 6146 32724]
[46657 2939 45026 48641 2812 55346 2450 40854 26584]
[47949 8963 56545 59173 60432 51247 27198 26329 36085]
[62179 35575 10355 30903 55617 45515 35499 908 63771]
[42305 43566 63201 37687 47197 44915 26412 2860 48313]
[41164 57550 15090 58991 60666 33989 40833 36342 42835]
[42488 58486 18835 26972 2197 45953 25862 58776 53297]
[10922 51094 11408 49228 10786 10165 6271 6358 39487]
[33560 33042 44412 20733 4085 21721 58768 33550 58383]
[64495 35565 59985 51374 20409 30807 43719 49743 26579]
[51795 49090 4438 11125 64341 46519 12170 8674 32734]
[57243 53542 61273 34164 47275 20847 28235 35866 12426]
[60760 34499 26438 23344 23009 7560 34919 29890 24037]
[23036 43189 16398 24032 36226 42295 11813 42673 15745]
[55142 42573 15836 6073 63270 40072 40790 952 40337]
[60523 17405 65165 63773 35634 43259 19536 31411 33196]
[35291 59367 32637 35888 10320 57508 31167 13658 3580]
[48224 51102 57371 37951 50404 26406 1274 8941 715]
[58848 64492 5435 51889 18167 52945 5166 3150 38411]
[55361 10319 24608 19655 51006 3373 49077 31593 25942]
[24393 61637 4552 60223 30271 53848 59634 56027 28648]
[45011 10703 6981 17390 45603 18613 21427 31343 22778]
[64396 25266 4354 36965 2751 7865 14117 14102 50958]
[54946 61756 25552 43235 22234 50493 63984 52787 54676]
[24466 38346 28111 6017 21705 11518 3410 37755 7532]
[39285 17785 44021 9820 10425 43409 40236 17051 11782]
[22108 40970 25428 52511 44385 20034 62562 16717 61031]
[18523 14685 41077 33632 62637 1234 64556 58602 36293]
[52560 2061 21759 30786 3396 40235 60212 43094 11444]
[50340 61374 13762 11724 53343 42195 38989 8286 34029]
[33764 55984 50709 59051 50278 62208 27156 27358 11090]
[20997 32386 9061 22674 43269 53752 6453 38873 32520]
[45492 49386 47468 9617 35954 61157 5090 40556 63707]
[39085 9792 23649 40308 62284 14888 48430 61668 8710]
[54506 32209 61142 51000 6504 26294 16031 15789 20680]
[10150 57730 35126 19875 46276 59010 56294 28025 33139]
[51817 59805 16774 14804 27662 5564 55077 17494 33337]
[36749 5794 8080 58531 6249 33143 58354 39440 9943]
[43508 22834 18720 6417 16020 62340 53528 4653 1894]
[62889 45055 60034 1147 32806 3153 41593 57170 62002]
[28793 6448 62489 12438 3258 52883 42257 14727 41173]
[47803 39023 187 5899 39943 41736 9041 37568 25737]
[44439 21861 27683 31552 47597 9380 5618 31927 52361]
[49280 29730 51005 32826 29156 60041 2964 57903 44272]
[48306 11350 55397 50211 38035 25379 6170 6390 56008]
[28262 46840 40686 39394 39458 10878 37505 42968 15684]
[17992 57577 38849 8427 59279 21715 4156 8537 32987]
[55800 16911 48211 44228 50508 8565 23789 4009 52520]
[57382 18852 20656 46479 35828 57344 7626 31859 57958]
[33722 31594 53792 28470 61991 33771 3703 17603 35077]
[59268 47462 31112 18437 55573 50296 32175 20559 32982]
[51040 1735 10516 37783 560 52326 8082 13193 25011]
[58046 60148 42089 54095 59391 37785 52413 29364 43671]
[6777 31682 41777 61913 61432 38844 62512 53671 13096]
[61692 5670 60344 7338 21083 49385 55016 46264 25937]
[13432 41023 383 32410 28480 60215 12930 24034 32518]
[29161 13191 18917 60317 63683 5069 34714 2299 56594]
[44779 47624 16331 2087 62960 1734 5573 21606 60008]
[60472 13031 38182 24872 4896 44835 48500 28624 14293]
[32009 1093 43476 1176 16459 12670 24680 33680 57008]
[18988 59385 38006 28909 15736 20574 27939 2741 51413]
[37154 43102 1771 52407 54765 39763 24342 7700 10065]
[17345 21408 40377 48666 28640 12450 10685 39813 20322]
[14940 28863 51273 34730 63964 25352 22244 55713 4306]
[19659 49249 59768 44214 57605 13946 26895 23510 13730]
[20039 11734 43401 28707 11886 43421 4999 15621 56468]
[809 26628 16359 40582 49516 55405 30652 5690 46524]
[54830 25331 24172 51465 15198 18488 18898 60142 42617]
[22614 42206 55515 48467 53969 46189 54901 11439 57638]
[59698 42566 59568 18175 32788 34862 27604 26633 49223]
[16173 4134 38917 20868 49082 205 36394 13573 33226]
[24778 12551 29727 1279 65433 13247 8039 22525 17136]
[15391 57222 2195 61327 57255 42412 13380 56145 60596]
[30310 24567 37354 20948 60649 446 36441 21483 60713]
[61062 59308 64265 20287 1878 18936 57729 151 34302]
[32736 4432 48148 51625 102 38833 30012 24123 3658]
[51573 2606 2454 50510 55722 25256 21321 26347 27184]
[52664 57838 21647 8277 9521 26738 12513 55125 5948]
[18501 46790 64851 48335 63612 33609 51963 13911 30507]
[37760 32229 23288 43661 28785 7445 35576 51706 14137]
[59498 7259 8685 3847 3274 39256 27977 1853 19511]
[54621 21115 48241 54480 27876 12790 42847 54718 33343]
[50952 28504 36686 54325 113 30060 18040 19304 56444]
[35259 14452 4526 22241 23872 21364 38476 64726 43180]
[55516 44813 65022 53526 46710 38346 5031 10420 6235]
[48113 7715 48712 27273 64678 2850 589 24814 38363]
[59882 54415 34961 28965 51716 11635 13045 46032 47955]
[49225 20303 54152 29535 54112 14463 43018 62845 42792]
[41641 50621 35243 19183 28799 30544 49278 16059 35280]
[23366 56577 62351 40581 4781 46513 8994 2383 11198]
[41221 26035 43285 581 39935 60183 35930 50229 31050]
[40039 10398 26972 27807 21750 262 6102 3457 24614]
[15565 52249 50003 3494 17529 58105 9470 38025 3590]
[8648 53802 7379 21604 6713 32192 5078 39794 22690]
[16958 44305 939 17692 50010 36742 37353 11444 2100]
[47431 7702 12660 50381 6070 28391 25527 21279 32581]
[36130 40676 16689 48240 58052 32713 60983 36714 23768]
[29011 2313 8342 60784 5906 63120 8370 430 50375]
[39368 13383 25413 38307 35564 27614 27226 17971 44364]
[65441 19760 5773 46478 43293 16215 10338 35234 3864]
[53330 32431 55409 11669 51144 55956 51144 36706 27597]
[21423 33064 60263 33333 4448 4156 55353 49504 47317]
[60014 5525 53571 65102 36933 29251 30779 43448 53187]
[249 18661 8260 28264 15362 39928 13404 61904 63116]
[31835 44028 22274 42113 40426 19278 61020 5716 25102]
[534 8208 13712 49204 34360 43758 64707 38217 50301]
[43623 6559 44007 53718 20965 41612 59465 35878 45152]
[9997 18919 34291 4096 19564 42815 47892 9419 38491]
[28536 23047 55425 64674 51087 37596 56401 4090 12433]
[1992 40654 24335 48590 2961 50672 47997 33445 50650]
[45711 34389 37682 18771 55016 59210 49571 31480 55974]
[21401 9889 22433 47678 1059 39679 50145 412 12111]
[19583 9900 53634 43895 44921 52598 12224 13806 44074]
[62059 10872 55404 6215 42467 22950 33535 49469 63308]
[16227 64765 24936 31634 39032 63738 55664 34359 8462]
[32620 7242 21609 44413 46132 39017 31844 3950 36011]
[9264 4794 41573 20080 61372 60477 1051 62364 56985]
[41016 3037 52934 34543 46046 44131 34185 15610 23635]
[54437 21021 24841 7172 27591 3209 46867 31999 37461]
[23651 54873 41618 18980 21732 57375 56514 52816 8881]
[26186 9626 23842 42098 3037 9491 52792 26253 63090]
[53151 3865 38332 7879 22088 49285 18782 10304 64428]
[8461 65352 65402 50422 59408 56403 1921 626 44111]
[22798 44432 35689 60379 3180 39611 54491 15884 41499]
[51755 47255 18859 64795 63848 43240 40812 51977 3829]
[58362 5902 13720 14645 40794 15433 16231 33723 55674]
[34505 62404 3042 27908 45272 7839 20787 60487 11716]
[48971 51214 41982 49397 51939 63332 12177 40593 34610]
[65040 2151 35969 25531 37003 29074 9421 5090 48518]
[56223 63873 32669 12930 12516 27071 19886 24537 18225]
[32291 57084 40593 64488 20573 41261 22050 19984 49896]
[25076 40075 61708 49100 53624 52571 29413 31107 48557]
[51362 12535 49451 8226 35828 2703 49571 49229 5048]
[55825 65368 61471 48171 21461 20773 29150 44009 61689]
[51781 19130 50876 11771 58744 37771 63292 16558 57799]
[61148 33619 52748 27918 4498 37505 58375 12601 22981]
[60087 25273 2534 5633 58112 12419 29010 28066 18991]
[64150 3219 12989 52287 61680 19728 53107 45012 15256]
[39622 53716 25432 60938 56327 5349 11275 62160 52297]
[31997 55773 2591 825 60872 54609 62225 25334 2883]
[1700 55669 33283 25883 11656 54721 48502 49647 33286]
[12287 17809 1170 45203 28115 42326 47062 63833 23332]
[36183 37276 34949 52386 32338 9767 8081 12671 9521]
[60115 17530 40307 51799 43296 57142 49032 27441 2842]
[48833 3193 32215 28910 31609 64829 1726 16799 37535]
[46662 57958 17566 46119 7033 21079 49574 6657 11760]
[41078 49816 34166 405 44579 1942 46585 25483 17038]
[63939 35541 32482 14306 59645 54445 17294 39632 36052]
[5170 28491 26628 34362 34467 9087 1789 42355 2824]
[10796 30224 10842 6797 39048 24233 51528 21456 35594]
[32806 49053 18722 47379 31292 62040 32863 21551 50774]
[56364 17292 2860 33627 58351 21272 49193 41117 10636]
[25926 51729 10245 36458 51394 13683 52239 5889 44010]
[22974 61040 37143 11583 55139 29728 62313 10195 29708]
[65023]
